0: [(29, 15), (29, 16), (28, 16), (27, 16), (27, 17), (27, 18), (27, 19), (27, 20), (27, 21), (27, 22), (27, 23), (27, 24), (27, 25), (27, 26), (27, 27), (27, 28), (27, 29), (27, 30), (27, 31)]
1: [(15, 26), (16, 26), (17, 26), (17, 25), (18, 25), (18, 24), (19, 24), (20, 24), (21, 24), (21, 25), (22, 25), (23, 25), (24, 25), (24, 24), (25, 24), (26, 24), (27, 24), (28, 24), (29, 24), (30, 24), (30, 23), (31, 23)]
2: [(24, 26), (24, 25), (23, 25), (22, 25), (22, 24), (22, 23), (22, 22), (22, 21), (22, 20), (21, 20), (20, 20), (20, 19), (20, 18), (20, 17), (19, 17), (18, 17), (17, 17), (16, 17), (16, 16), (15, 16), (14, 16), (13, 16), (13, 15), (13, 14), (13, 13), (13, 12), (13, 11), (12, 11), (11, 11), (11, 10), (11, 9), (11, 8), (11, 7), (11, 6), (11, 5), (11, 4), (11, 3), (11, 2), (11, 1), (12, 1)]
3: []
4: []
5: []
6: []
7: []
8: []
9: []
